9.595723140380002292e+00
1.104750330759999954e+00
1.495883051264000230e+01
1.436886681101000107e+01
4.836318589570000270e+00
4.024422893389999700e+00
1.520603614990000274e+01
1.771345938810000575e+01
8.721224692229997189e+00
3.974584850909999467e+00
3.212230248090000462e+00
1.240725628033000660e+01
1.532605290418000266e+01
1.025097340280000502e+01
1.735993746980000552e+01
1.625637165099999848e+01
5.512827442860001703e+00
1.560827644955999105e+01
1.342259469293999530e+01
3.794850279420000305e+00
3.635229272920000199e+00
1.433103525041999937e+01
4.979796877350000095e+00
1.301743100438000766e+01
1.757578133529999587e+00
1.663329798277000293e+01
1.210811776400000150e+00
2.789815406299999800e+00
7.279708623249998567e+00
5.363695375910001673e+00
1.187746641499999889e+01
8.383501759960001465e+00
1.177471253638000093e+01
7.871406432379999707e+00
6.435183821429994566e+00
6.530319648790001708e+00
4.805864204999999445e-01
1.200286537881999926e+01
3.935451546809999979e+00
0.000000000000000000e+00
1.558880541653000051e+01
1.181179249866000447e+01
1.703844908766998145e+01
1.682667019750000748e+01
1.749086542290001134e+01
5.313987365210001812e+00
3.634567178190000192e+00
1.051359891803999780e+01
7.639986798879998986e+00
1.590578723129999084e+01
1.536148559829998739e+01
1.531075058528999833e+01
9.307340661040001351e+00
4.083653678720000180e+00
1.743141157549999676e+01
2.972718711849998918e+00
7.246826147490000203e+00
1.227668734101999881e+01
1.548113902203999537e+01
4.514048497839999285e+00
1.065459768258999773e+01
1.623405097810000086e+01
1.395566766233000777e+01
1.645602358897000528e+01
1.324727294561999535e+01
1.630371356680999995e+01
1.448359234016000130e+01
7.611392418440001251e+00
7.571209690719999053e+00
3.805661428200000640e-01
8.934168694129995814e+00
4.503764603329998728e+00
1.744331554934998607e+01
5.605695917000000250e+00
6.002669670679996017e+00
1.111173920508000101e+01
4.719608163960000269e+00
1.197497446224000051e+01
1.714123608584000280e+01
1.574393944379999688e+01
1.352470852730999695e+01
7.232311197280000492e+00
1.492198838269000127e+01
4.439262845409998270e+00
1.626640737749999843e+01
1.403824534486000175e+01
1.742673267469999487e+01
1.599001467469999405e+01
1.800097735589999814e+01
1.779600354144998775e+01
1.573371688602000695e+01
1.037200062572999926e+01
7.313796709659995621e+00
1.484174471180000587e+01
9.166383527469998072e+00
7.930204124669996801e+00
6.474885421770002480e+00
3.272699346060000014e+00
3.222844708089999788e+00
8.296087887299997021e+00
1.309204484925998635e+01
1.353416054178000394e+01
1.055420213888999825e+01
1.865633696870000247e+00
1.868072765969998938e+00
1.624956615940000182e+00
3.731389305400000467e+00
7.417612585019998761e+00
1.034217596931999950e+01
7.846596610030001528e+00
1.425725780410000887e+01
3.795765745520000234e+00
1.501444515114000566e+01
7.811329160300001462e+00
8.565552849899999543e+00
1.519606228819999316e+01
1.258214657510000167e+00
1.100849983833000145e+01
3.771615446900002055e+00
2.661895436250000468e+00
7.042352539730000416e+00
1.245093565204999919e+01
1.624674022279999974e+01
9.492260367099994767e+00
9.456296896810004071e+00
8.140681449649997958e+00
1.744230968799999459e+01
5.304243012440000626e+00
1.802425280708000699e+01
5.627740781600001796e+00
5.274299829100000947e-01
1.357234420109999729e+00
8.516478182770001126e+00
1.382661594086999379e+01
9.740643136099998989e-01
1.532765502199999652e+01
9.299386594690004060e+00
1.382982935990000151e+01
1.236833946249999627e+01
9.549551058550001414e+00
2.143860102909999732e+00
1.200801200540000480e+01
8.891256266610003678e+00
1.596749976869999754e+00
6.834213189029998858e+00
1.243823909753999857e+01
1.584090329981000345e+01
1.438191849469999184e+01
2.648668987510000239e+00
6.171651054070000697e+00
1.674781165947999284e+01
7.253457361699997996e+00
5.154776864309997819e+00
8.947964500599999704e-01
9.377282568160001830e+00
9.238871217799998758e-01
7.347209901080000272e+00
9.195509518339997967e+00
9.089635514720004750e+00
1.774344550310000557e+01
2.547395686339998910e+00
1.027534925129999444e+01
2.246335597489999447e+00
1.012449204159999816e+01
3.223742481970000462e+00
9.085109614490001206e+00
3.635612528000000232e+00
4.015946348760000006e+00
1.436965991097998696e+01
8.645502487090000798e+00
1.400937457047998969e+01
5.709029048799999728e+00
6.239528356130000120e+00
3.218444053060000698e+00
1.814806792839999972e+01
1.011898396374000342e+01
1.716731702902000123e+01
1.388663603465999508e+01
1.661145541328001585e+01
6.696205799470002162e+00
7.850306510869997645e+00
1.604260218100000079e+00
1.005549033127000058e+01
2.112845649340000520e+00
5.137351988359998956e+00
2.947094247020000335e+00
3.417429252960001218e+00
1.158222195224000117e+01
5.329049594649997168e+00
4.905143808330000077e+00
8.252993728020001640e+00
1.126758809937999750e+01
9.013432034140002713e+00
1.263635443916000156e+01
1.060734163605999569e+01
1.655050936462999900e+01
2.887368856399999739e+00
5.455503879709999282e+00
1.510037901969999652e+01
6.117018875499999453e+00
8.474446587150000099e+00
9.302289432810001202e+00
1.432776200508999409e+01
7.090733617739998884e+00
3.354269289030000323e+00
2.503801917110000552e+00
1.725436927310000357e+01
5.473408519290000385e+00
1.216388206287000173e+01
1.236098193742000184e+01
1.440288057420999657e+01
5.697679854259999566e+00
1.738098577590000104e+01
1.068962284928999473e+01
1.599435051216000225e+01
4.347010750250000832e+00
6.546504712200000853e+00
1.652507862230000768e+01
1.659016293919999896e+01
4.306509474179999408e+00
1.491231324502999556e+01
1.286790011614999685e+01
8.218132212379996915e+00
1.490311578029999495e+01
1.788561236300000024e-01
5.165504110760004153e+00
3.387851239270000647e+00
9.027934451629995749e+00
1.615209995065999138e+01
1.596888379167000060e+01
5.247674739730000759e+00
7.070140869310000298e+00
1.512570083416999722e+01
8.143912280099996792e+00
1.315429248596999656e+01
1.800220836394000301e+01
2.149006732100000594e+00
5.593140516600000334e-01
4.290281700020000422e+00
3.479040436089998689e+00
1.654180226050000257e+01
4.597266969529999692e+00
8.935408749369996073e+00
1.591031021250000066e+01
8.886924801070005486e+00
5.195760295060000367e+00
6.120010192039999630e+00
1.667429862482999781e+01
2.050982129599999926e+00
1.296781346349999975e+00
6.321518066530002145e+00
1.191581004610000249e+01
1.853199039009999716e+00
3.896799429920000613e+00
5.674140317260001787e+00
8.932486637730002954e+00
1.797379939999999921e-03
2.215881448910000273e+00
5.275340788230000300e+00
5.789213345169998526e+00
1.739466191810000240e+01
1.713916144600000990e+01
1.344395904272000131e+01
7.427968632229998036e+00
1.529426479889999513e+01
3.899049808110000903e+00
1.054866469675000040e+01
1.449153474057000324e+01
1.117231951516999722e+01
1.150268769312000572e+01
1.229813063444000321e+01
2.332224380699999600e+00
1.336376375500000258e+01
1.619311592326999971e+01
5.411800648659998103e+00
1.293854265022999783e+01
1.771867002430000682e+01
1.776909107969999235e+00
2.415421150080000690e+00
1.004081677064000289e+01
7.161766288699998206e+00
3.750620588800000488e-01
1.664624695806000432e+01
1.569807270320000114e+00
1.041285688089999883e+00
1.015504271420000215e+01
3.265169995619999543e+00
4.490050475999997737e+00
8.242250248299992643e-01
1.229235822902999331e+01
3.297127163910000824e+00
1.598440262160001168e+01
5.617422894190001514e+00
5.232401977159998552e+00
8.866900438919996574e+00
6.188607943339999196e+00
1.031314433995000357e+01
7.867397053280003938e+00
1.099008174345999578e+01
8.027938593409999157e+00
1.073965860349999879e+01
4.406037260980002479e+00
9.610975902079999855e+00
5.417766206429997844e+00
6.387380116679997499e+00
9.892306744399999019e+00
8.644357612129999424e+00
7.661401047980002765e+00
1.188896539937999997e+01
1.326045406169000884e+01
1.261217872346000135e+01
4.473821964450002575e+00
1.033500277776000154e+01
3.198723440500000348e-01
1.012811477925000148e+01
4.621004551290000428e+00
1.672601484419999096e+01
3.294839316030000909e+00
5.225780502479998368e+00
2.092665447000000567e-01
1.365283044003999535e+01
4.016628695990000608e+00
1.435996570258999760e+01
5.774659037070000167e+00
3.202873553209999447e+00
6.088574661190000015e+00
4.339981688860000020e+00
3.650187941399999358e-01
5.944398565999999828e-01
1.071344122955000344e+01
1.472403230123999052e+01
1.520087582080000210e+01
1.070657214899999987e+00
3.322583543700000086e-01
6.090143783839996772e+00
9.786936709509996390e+00
5.589555269599998155e+00
1.849613585110001068e+01
7.918541799810001613e+00
1.537805045595998799e+01
1.602649483858999702e+01
1.089078983109999843e+00
1.021781952045000175e+01
3.079309784409999029e+00
1.834794769649999679e+01
6.687888420470001094e+00
8.963289479149995742e+00
7.522812006300000354e-01
1.416137508037999204e+01
4.581217435920001080e+00
6.517076913949999550e+00
3.288205027330000085e+00
1.788169349259999663e+01
5.137115999840000669e+00
7.582661030059997920e+00
1.560714087868000277e+01
1.201655495019999575e+00
4.538903411479999761e+00
4.937086322620000800e+00
1.339657248950000268e+00
3.776615405999999009e+00
4.305583297500000128e+00
9.898028784849994821e+00
4.702941746699999537e-01
1.580261616883000286e+01
8.100500682219998083e+00
3.644623047040000952e+00
4.943044412679999056e+00
1.113833859553999517e+01
1.187020358062000547e+01
1.590271242597999013e+01
6.273858699790000770e+00
7.973918016380000751e+00
1.591821834269999236e+01
2.212921221399999916e-01
1.322431370000000037e-02
7.317101391879999639e+00
4.324953016229998504e+00
1.420646324469998945e+01
8.818378435899999701e+00
1.067955542819999604e+00
1.617354755250000409e+01
1.765945097550000842e+00
1.029943397489000567e+01
1.657767369961000625e+01
1.756668241210000758e+01
1.394157886490000164e+00
1.691755493678000377e+01
4.215977540029999027e+00
1.150949699206999810e+01
1.227671128868000316e+01
1.783357555369999403e+01
8.865116173869999727e+00
1.636772036629998794e+01
1.380852982361999892e+01
4.848695812459998145e+00
1.157505556508999867e+01
1.631853117552001109e+01
4.433138432620003400e+00
5.061350470590000761e+00
1.774814612610001063e+01
6.709236089379999157e+00
6.013095345159999994e+00
8.627359138259999227e+00
3.581700522219999794e+00
4.118063946319997726e+00
8.054288082739997634e+00
1.368982462565999825e+01
1.911987131939999918e+00
1.159399811574999895e+01
3.159832297369999932e+00
1.084419124516000466e+01
1.195346416130000033e+00
7.660591052049999128e+00
1.471433916156000166e+01
1.161796311659999414e+00
1.580762451719999895e+01
1.071847033733000032e+01
1.684412070540000173e+01
8.204568623019998341e+00
5.682869055399999425e+00
4.960535471499998295e-01
3.535828483880001372e+00
1.988563006440000613e+00
4.721346740490002247e+00
3.427541425379999840e+00
5.571137139520004666e+00
3.975897825740001501e+00
1.116266141901000530e+01
1.458031945365001292e+01
1.359457570224999223e+01
6.202602005079996594e+00
3.405374711340001692e+00
8.249587721399999074e-01
3.427118007729999860e+00
1.312429448749000116e+01
1.168025193889999436e+01
1.005808858723999677e+01
1.495713320045999595e+01
5.378939110999998441e+00
1.051011160260000032e+01
1.131460101252999984e+01
1.487414506286999760e+01
1.658452027755999580e+01
1.435511481880000062e+01
1.054823292364999610e+01
3.246422163000000638e-01
1.248370546749999654e+01
1.700423760370001247e+01
1.796848245256000354e+01
1.995984476349999870e+00
1.047760172064999828e+01
7.217448201109996297e+00
4.613739863179999290e+00
1.384615182596000693e+01
1.024475788069999949e+00
1.743567502025999616e+01
1.004282025846000437e+01
1.207834174299999930e+01
1.070936067461999741e+01
1.602990038209999923e+01
1.614131240110001642e+01
1.469975611232999846e+01
8.817795731299998829e-01
1.378747719144999806e+01
5.503183999640004487e+00
9.074515657280006309e+00
1.218455702484999925e+01
1.250834349677999313e+01
1.410393950819999809e+01
1.133659734241999750e+01
8.061843771369995082e+00
1.405487957815000044e+01
7.093171602100006856e-01
1.642684650503001365e+01
1.511985465998000322e+01
1.632447464959001238e+01
8.939400866539999768e+00
1.394626225907999739e+01
1.733469354069999113e+01
6.207343420110000842e+00
6.963308387600000149e-01
3.356625838140000706e+00
5.196090385680000701e+00
1.197734069113000288e+01
4.231565342480001490e+00
4.251154804650002283e+00
1.775007502398000270e+01
5.606954593170001111e+00
1.203470075750000756e+00
1.541318099564000654e+01
8.595308715749997219e+00
2.291181413999999680e-02
1.174257210980000465e+01
1.015627752539000284e+01
1.325395133239999801e+00
1.441174736049999616e+01
7.388190050999999814e-01
1.809085306489999567e+01
6.572352260800000678e+00
3.133078123959998962e+00
1.456986302649000642e+01
2.426192064760000378e+00
1.725684316399999574e+01
5.990213789529997612e+00
1.670328815406001510e+01
6.264335092619997880e+00
7.398351804889998995e+00
3.405399027159997871e+00
4.919985359320001805e+00
8.715386672200000628e-01
1.397794971782000317e+01
5.928333446339999036e+00
7.088832962400001270e-01
7.202869358970000135e+00
1.741443548110001061e+01
5.675886049480002526e+00
1.777192872100000098e+00
1.190533634481000291e+01
9.311339831220001528e+00
1.548723523590000895e+01
7.464963284210000438e+00
1.339419804808000869e+01
1.054702214914999736e+01
1.749778780189999594e+01
2.054765277400001089e-01
6.440309216070000176e+00
1.031498337880000271e+01
2.172920133059999870e+00
1.107595121578999908e+01
6.556350170230000884e+00
8.259044056099998921e-01
1.387239758595001149e+01
4.669457355789997877e+00
3.553897443810001278e+00
1.551791990071999194e+01
4.909992561700000202e+00
2.864689908539998608e+00
1.578266108019998271e+01
5.107136910549998632e+00
9.233856864989999025e+00
9.533032821029998161e+00
3.999088468700000565e-01
1.599966938799999561e+01
1.650221168440000596e+01
1.677474184249999833e+00
2.392144131699999399e+00
6.709139204169999537e+00
1.425249340711000556e+01
1.124127903057999944e+01
8.256542147430000256e+00
1.899188225990001255e+00
1.101597149889999905e+00
1.452881470520999763e+01
1.893012267779998936e+01
7.487144178640001257e+00
1.702078055082998276e+01
1.570410049961000531e+01
4.666087941889998092e+00
9.954866810000000399e-01
2.918945048340000348e+00
1.583281766439999316e+01
1.617363650158999633e+01
2.978686448709999546e+00
2.641930922579999841e+00
7.711982265879997911e+00
1.333972552584000226e+01
1.721570601874000417e+01
2.563455721369999107e+00
1.731108892753000106e+01
4.995157192810005142e+00
2.612853214080000264e+00
3.214696484149999200e+00
2.542845718359998841e+00
1.791441117749999989e+01
3.862230175360001017e+00
4.148543464249999424e+00
1.770858757143000517e+01
1.454787914280999317e+01
3.715178960619999415e+00
4.904176448580000347e+00
6.119748851509998921e+00
2.592524088699998952e+00
1.782448883140001428e+01
1.525977657419999822e+01
3.692643977050001247e+00
1.563103482878000960e+01
5.763534091839997764e+00
7.452742340710001301e+00
2.642978772469999793e+00
1.052672630029999334e+00
1.786079151650000441e+01
1.445728539898000164e+01
1.384411283829000539e+01
5.265821303770000128e+00
9.555180097600001199e-01
1.375803522900000608e+01
1.092910811820000161e+00
1.576756240561000411e+01
9.156864331779999588e+00
1.720066261259999862e+01
1.434068666359999789e+01
7.161223732050000734e+00
3.564143395119999003e+00
1.410953572716000792e+01
3.544178664500000631e-01
1.698931078971999753e+01
1.367645809391999201e+01
8.956142309589997907e+00
1.303842685574000626e+01
1.287124303813999227e+01
4.850277245329998266e+00
6.545503492920002664e+00
1.749512524899999022e+01
1.744153908380000928e+01
1.755875237970001024e+01
1.697051028169999531e+00
5.701237084160001523e+00
1.465533435412000962e+01
1.209955534324999604e+01
1.880594614999999969e-01
7.269452071820000860e+00
5.586295818099999977e-01
1.450066450540000318e+01
7.085481020970000543e+00
5.831811658470001269e+00
3.125651624379997884e+00
3.690150274800000352e-01
5.330095803000000743e+00
1.755434006590000706e+01
7.871598431849998967e+00
1.305885522890001127e+01
6.260442320479996603e+00
6.211335357729999451e+00
1.161891802463000190e+01
1.593519978690000727e+01
1.129087081189999964e+01
1.472371792512001321e+01
1.660729669279999143e+01
1.618771208830001029e+01
1.664325054690001338e+01
1.433143149428999408e+01
6.270041833120000518e+00
1.209302177338000028e+01
1.365802285719999842e+00
9.422014004960002964e+00
1.131522958901999765e+01
1.730841501919999814e+01
3.264522479770000096e+00
4.393372535110000143e+00
1.997204336009999581e+00
1.125109580178999558e+01
1.813726656360000300e+00
1.210661728789999891e+00
1.790076600579998001e+01
2.021142851199999591e+00
1.591262537216999107e+01
7.407977943149997913e+00
1.530250637366999911e+01
3.484367521739999862e+00
8.420542107619997552e+00
1.418149913520000815e+01
7.470238532540004250e+00
1.391761140349999692e+01
6.580722953609996040e+00
1.377846293820000234e+01
1.557481016192999235e+01
1.145412938944999759e+01
3.509150624820000175e+00
1.676617236709999403e+01
7.275662706289998560e+00
2.669923575170000341e+00
1.680705290590000089e+01
1.207617157625999837e+01
1.335646031851999638e+01
1.427899460562999323e+01
9.721128252050002416e+00
2.352365919920000437e+00
1.000665230249999871e+00
4.786066938419995864e+00
1.155108763604999744e+01
1.533535656653000778e+01
1.244241089575999837e+01
6.442148714689999167e+00
1.462555841934000611e+01
1.165980864061000410e+01
6.746654381159998159e+00
4.016266160180000711e+00
9.877572646509992893e+00
1.594830088144000158e+01
6.838407420479999388e+00
7.484758512439999123e+00
9.394871401050000514e+00
1.297989961132999959e+01
2.262692090970000791e+00
1.503176352509000324e+01
1.690366712232999191e+01
1.681462717370000082e+00
1.610951129229998813e+01
1.598577751370000932e+01
6.295652008739997640e+00
6.016217031509998314e+00
1.770295711809999517e+01
1.527895710080000669e+01
1.490217524900999457e+01
2.661252354550000643e+00
1.016786351579999970e+00
1.492419717696000525e+01
2.598317764009999475e+00
9.704856972919996494e+00
1.105252038450999841e+01
4.952624453449998576e+00
1.331303884255999570e+01
1.594752645270000890e+01
6.999562566840000777e+00
3.135141498279999883e+00
1.688435614189999612e+01
4.551885186659998084e+00
9.255715070599999095e-01
6.738913682340000655e+00
5.556606550499997965e+00
9.835545399469998173e+00
3.830244217499999548e-01
6.459974115000002293e+00
1.607372120210001043e+01
1.807981720910000201e+00
1.830960040070000616e+01
8.846900630340000404e+00
1.367468639937999342e+01
3.020038168799999978e-01
1.625519402249999912e+00
1.582632315300000203e-01
1.116781504794001023e+01
7.672995035299997824e+00
1.739388290200000142e+01
1.581836463552998850e+01
1.315707095587000097e+01
1.629981528579000383e+01
2.895274078590000411e+00
2.306614406499999659e-01
1.534639778999999926e+01
1.380599939903999207e+01
6.744636901279992713e+00
7.732047537900004208e+00
8.154810882499999858e-01
5.083283202800000788e-01
1.755227496539999166e+01
4.927137158859998145e+00
6.501252222749999810e+00
2.176069177390000053e+00
1.765095592005998881e+01
1.082930880197000079e+01
3.529357181489998663e+00
1.357349299082000016e+01
1.449716644322999670e+01
8.916242127289997654e+00
9.696156918649995404e+00
6.172000961300001087e+00
6.992625251290002453e+00
1.510849523047999377e+01
1.401790074820000509e+00
4.790273892109999210e+00
4.974543005959999320e+00
1.346160551777999181e+01
2.496310932300000118e+00
4.097495538499999590e+00
1.113226500206999603e+01
2.325967193840001723e+00
3.303375713180000783e+00
1.420837065320999670e+01
6.508206215460003108e+00
1.438519017141999079e+01
1.297237193170000680e+01
1.659008695863999705e+01
4.284351015829999554e+00
1.610912591608000355e+01
1.149839115359999830e+00
1.649016671493000175e+01
1.603560254870000179e+01
1.333186473899999891e-01
1.397733497468000152e+01
7.454754600679999399e+00
5.053680686310001668e+00
1.728099389840000200e+01
8.483282876740002365e+00
1.229574004248999763e+01
0.000000000000000000e+00
3.465771385440000962e+00
9.182657190459995178e+00
5.059254836500000074e+00
1.693900547046999350e+01
6.350036362599999151e+00
8.853387778270001007e+00
9.942983180750001537e+00
8.630100570910000712e+00
1.761473236459999825e+01
8.349866593400000481e-01
3.055148106910000827e+00
9.385162204819998522e+00
1.358910625812000461e+01
8.929003488019997548e+00
4.429512878469999748e+00
1.502960823366000831e+01
1.093699850580999744e+01
2.333640148319998886e+00
3.249200915499999565e-01
7.839642245509999441e+00
3.750604764039999761e+00
1.046597513599000173e+01
1.021815764409999971e+01
1.581867714230000921e+01
1.724821043830000278e+01
1.443401089593000464e+01
1.057950641043999873e+01
1.429257396480000608e+01
1.725778281389999336e+01
1.498431342957999668e+01
1.473642011776000871e+01
2.321372435919999866e+00
8.966167965829994202e+00
3.962701818409998911e+00
7.548228737550001455e+00
2.140063233270001142e+00
2.886639303449999971e+00
9.804490009249997584e+00
4.962868869050005571e+00
1.552649438059999731e+01
1.969312421300000171e+00
1.285313474202999728e+01
1.164847178949000117e+01
1.609209546532999369e+01
6.052951447049999878e+00
4.859445549980000223e+00
1.675772115821999364e+01
1.297713677521000086e+01
4.736361229460001709e+00
6.506100267820000838e+00
1.698867026759999632e+01
3.716432352100000447e+00
1.150708796075000073e+01
1.650825202870000652e+01
5.701728677400001999e+00
1.300253762371999677e+01
1.356884294520000367e+00
1.339630597646999810e+01
1.419585420130000486e+01
1.623006780702999308e+01
2.743680915000000553e+00
1.592633987128999884e+01
6.093847760119998291e+00
6.928926383050002080e+00
1.111491116920000266e+01
3.058105836770000252e+00
7.998216667890003073e+00
2.296908924030000243e+00
2.918520021399999553e+00
1.720549239710000222e+01
3.888109777119998611e+00
1.182965133928000512e+01
1.577845942442001359e+01
1.276521018139999519e+01
1.633810479120000636e+01
1.427085139899000055e+01
1.201086601000000087e+00
1.295815359764000085e+01
1.610634740510000640e+01
1.059957705879999779e+01
9.690554208969999195e+00
2.933518363850000643e+00
1.058605152829999785e+00
1.765576466519998888e+01
1.707252651779999741e+00
1.188105316095999875e+01
1.537289998914000932e+01
5.452577368070003594e+00
1.411877730344000170e+01
4.152684439809999795e+00
1.628380981979999831e+01
5.555850233920001102e+00
1.683895251420000250e+01
5.544659759720000025e+00
1.015474749943999733e+01
4.688025226000000489e-01
6.484809218109996998e+00
1.158879704040000469e+01
6.501385496330001068e+00
1.072489026239999887e+01
1.703800860966000030e+01
1.738739161478000383e+01
9.121864459699999372e+00
2.248784745199999602e+00
6.257343081050001921e+00
1.313406789491999227e+01
2.142719527070000129e+00
1.998556979660000898e+00
1.399183745198000217e+01
7.103306824130002362e+00
1.661599520259001395e+01
1.706440971944000040e+01
1.279310501749999496e+01
1.163209938028999346e+01
1.295161827935999810e+01
8.512098684900001544e+00
7.370451289719999188e+00
3.907811341399999305e-01
1.261867865718999759e+01
1.775419674390000147e+00
7.383145631309999679e+00
1.537231829752999523e+01
2.477190148800000047e-01
1.034984098100000161e+01
1.809707427780000488e+00
1.150720921899000437e+01
1.731890828849999764e+01
1.669270092539999473e+00
3.935489510729999196e+00
8.929638387759997187e+00
1.529363563016999450e+01
1.070896848007000202e+01
1.032178576259999936e+01
2.956707427790000065e+00
1.064921286505999198e+01
1.618236922880001671e+01
1.035615285400000030e+00
5.029433092110005887e+00
9.741124253229996199e+00
9.394157718239997124e+00
3.427378021870000513e+00
1.804598002899999498e+00
3.740903230210000707e+00
1.753174021740002431e+01
4.259207604100000211e+00
4.426007457000000200e-02
9.568864496500003369e+00
1.208994024499999931e+00
3.792044014239997818e+00
1.014021198050999750e+01
1.615430131939999736e+00
4.389814442819999663e+00
7.901233789749995573e+00
1.651154108219999639e+00
1.284180646508999679e+01
2.713774582159999227e+00
1.770688656039998676e+01
2.403990725540000817e+00
1.819657182900000336e+01
9.337917274200000506e+00
1.609897246326000086e+01
5.787297754749999967e+00
1.677964118209999356e+01
1.724949813022001166e+01
1.665397418271999541e+01
1.045164367938000005e+01
1.665633804047000410e+01
1.027977268554999668e+01
1.127399071872000214e+01
4.623880178769998572e+00
5.884382103020000976e+00
1.826810090030000211e+01
2.678967016169997883e+00
5.092836896909997968e+00
3.688346515100001444e+00
2.094057407609999366e+00
1.321542847049999558e+01
9.532271512699997951e-01
1.337535023850000115e+00
7.937634544459999830e+00
5.639741827199998170e+00
1.110616993424999777e+01
1.202452464147000022e+01
1.805351970520000293e+01
1.615879079635999815e+01
1.764918523979999776e+01
3.770310053479998924e+00
5.751128939130000894e+00
1.773090819013001251e+01
1.717709232199998581e+01
6.264218650249998355e+00
5.824985861239998286e+00
4.859366983530001960e+00
1.122721015032000125e+01
1.549746712695000106e+01
9.088942657799999880e-01
4.567415380159999039e+00
9.148411091300003406e+00
4.446106283619999822e+00
4.142796256410001376e+00
9.563676163700002064e+00
1.148269338700000031e+00
9.028484394260003043e+00
9.818469080709999020e+00
1.504312210693999674e+01
6.394893509330001002e+00
5.388352527739999509e+00
1.524809273079000072e+01
1.031685658329999633e+01
2.948044943380001559e+00
1.064990103009998856e+00
2.043103703699999496e+00
1.099717562529000503e+01
2.907437359500000262e+00
9.966613831319998340e+00
1.743300580639998643e+01
2.865480346029999570e+00
2.486767291120000056e+00
5.434277244099999793e-01
8.721861294329997349e+00
1.687548828559999592e+01
5.379006940610001841e+00
5.494709608530000899e+00
8.545099706599998513e+00
1.379394555266999944e+01
1.041445276528000186e+01
3.842013418510000111e+00
1.335583376150000312e+01
1.082174994543999880e+01
1.733096024699999904e-01
8.353381732730003506e+00
1.665465120899999363e+01
1.647436465860000965e+01
3.652413197140000012e+00
1.683256760469999502e+00
4.920249533139997133e+00
1.485392286824000330e+01
7.499944193529996639e+00
6.457061645169996034e+00
4.282005226959999078e+00
4.768388712899996329e-01
9.002938629499999124e+00
2.408712444639999450e+00
1.683125599631000924e+01
1.022217326856999797e+01
1.556053584679000323e+01
1.040361167434000222e+01
1.159637706164000548e+01
1.123715085696000138e+01
8.464828247709998976e+00
4.222141889919999613e+00
7.514857416789999078e+00
7.740316999910000106e+00
8.415985955360000048e+00
1.714899300411999405e+01
2.898454868459998668e+00
1.277955912800000204e+00
1.186924438753000466e+01
6.622685157090001162e+00
1.369439613013000567e+01
4.346558965139999842e+00
1.216564707320000549e+00
5.019071730209996751e+00
1.434050171942999974e+01
1.040905696267000557e+01
1.712539235790000447e+01
3.098994671940001222e+00
1.519633133789999668e+01
1.647333059999999934e-03
1.093967204410000171e+00
3.854120738279997127e+00
5.572326621529999358e+00
1.609037474110000687e+01
9.623619382480001150e+00
7.395152755569998959e+00
9.324353520250003413e+00
1.167338274127000730e+01
1.201949622222000258e+01
1.358464218217000230e+01
1.227974744493000081e+01
2.147481394559999757e+00
5.623099120999996536e+00
1.459331888952999812e+01
1.488108942629999554e+01
9.577500929879999347e+00
3.384417007209998385e+00
5.110106312260000117e+00
1.579208079649999874e+01
6.706948284679997485e+00
1.387729139509999987e+00
1.427873370867000347e+01
5.663785412240000205e+00
7.059145699539998375e+00
7.823604550799996282e+00
6.172441933960000071e+00
1.496430761631999218e+01
1.067432070222000284e+01
3.534739398080000150e+00
1.298788226319999017e+00
5.862850141740000964e+00
1.083469739150000111e+00
1.022382827885000367e+01
1.001867895419999765e+00
5.621383419019999828e+00
1.685026770760000403e+01
6.420843536529998730e+00
1.641887866823000763e+01
1.795053487543999893e+01
1.036067616805000391e+01
1.233741583267999964e+01
2.477956212620000098e+00
1.112061620951000407e+01
2.982726436770000600e+00
1.095904454194999822e+01
9.420371156539998125e+00
1.419194843309999854e+01
4.435600729700001743e+00
1.761015806829999519e+01
8.174047382330000389e+00
1.155121292779999287e+01
5.728695303859999477e+00
1.122145703389999749e+00
1.301183073000000245e+00
1.460458093755999442e+01
2.676112518239999627e+00
1.731764361969999833e+00
1.774269830440000195e+00
9.476049640550000319e+00
6.999005655599997988e-01
9.399389479099996336e+00
3.319445442500001064e+00
1.560199123757998940e+01
1.704278659310000998e+00
1.121995909088000332e+01
9.683919261280003354e+00
3.368287886110000517e+00
6.172642875369996673e+00
2.451155833000000575e-02
1.616300618320000160e+00
6.871416047299999441e+00
4.789825921179999391e+00
1.336755236999999541e+00
9.391891963299994206e-01
1.688532454718001574e+01
1.178590930582000773e+01
1.016966331833999782e+01
1.653058333175001238e+01
5.438016540490001383e+00
4.438912263099999977e-01
5.382502212270000364e+00
1.579963120500000251e+01
1.613293684479999968e+01
1.629702683293999499e+01
6.463228879530000803e+00
1.434571956078000099e+01
1.185267363690999964e+01
7.554227217820002060e+00
1.148665867999999479e+00
6.598995748549998375e+00
1.702636455563999007e+01
1.120618267904999854e+01
1.624760719879999726e+01
1.837873094889998882e+01
4.351558700429999149e+00
2.302005267159999757e+00
1.447580985153999755e+01
7.886377939449999097e+00
9.958484600369995832e+00
9.295527408470000807e+00
1.668149353209999575e+01
1.259721489189999311e+01
1.562832481069999169e+01
3.059389235849999888e+00
1.099614676339999342e+01
4.276713187849999542e+00
7.376936725870000267e+00
1.556603973737999169e+01
6.197748505929999929e+00
1.434196067747999948e+01
1.265529324703999947e+01
9.824640876200005479e+00
1.169765655542999916e+01
2.646032827730001813e+00
3.120042342009999636e+00
8.875157289100001901e-01
6.545893446810000960e+00
1.609073014632000564e+01
2.997352960539999334e+00
1.781033990010000423e+01
1.682652547692999079e+01
1.277269545795000738e+01
1.053242292608000064e+01
2.586786413000000118e-02
1.351046300494999564e+01
3.194791347789999847e+00
9.680304423920000900e+00
1.561233205586999695e+01
1.510369349789998950e+01
1.144865999501000431e+01
4.693646674080000025e+00
1.275335830352999977e+01
4.463755475439999287e+00
1.574505629329999934e+01
1.725069023690000147e+00
1.138004537734999744e+01
5.352318772939998581e+00
1.456601842236999289e+01
3.354990662329999651e+00
1.536984126854000188e+01
6.016736460430003319e+00
1.608822676679999475e+01
3.461257287440000052e+00
5.790407527570000212e+00
1.577811399403000436e+01
1.500408461991000664e+01
3.383732064240000614e+00
7.462008070870004062e+00
1.456000447341999227e+01
1.141693585413000100e+01
8.610953469050000919e+00
1.363237132088999992e+01
1.244010718030000362e+01
1.679662738590000259e+01
1.179704840358000340e+01
8.960161014700000592e+00
1.004539787342999979e+01
3.594953596460000345e+00
3.382272356999999285e+00
1.386241733495000972e+01
4.442482986699999969e+00
1.376153728070000026e+00
1.788597558309999869e+01
1.790779535880000140e+01
1.498333442039999497e+01
1.505356351460000353e+00
1.074560692260000216e+01
1.405161381086999661e+01
1.766826936040000717e+01
5.444186580569997602e+00
5.160308107069999650e+00
5.328269016990003770e+00
1.659157415949999859e+01
5.667906821500000580e-01
9.700355386699998306e+00
1.636459967600000454e+01
1.689611045685999358e+01
9.431307641599994795e+00
8.460926650780002944e+00
1.705444693859999461e+01
1.265057208639999597e+00
2.515289405970000391e+00
1.529694953957000436e+01
1.565290341813000197e+01
1.201456814097999271e+01
1.438608603526000529e+01
2.005808389869999875e+00
1.803601512020000541e+01
1.236186342840000485e+01
5.553948182600001893e+00
1.545381798129998963e+01
9.505901015759999240e+00
3.772887239320001918e+00
1.765340387019998758e+01
1.377090523657999199e+01
1.720700663558999111e+01
1.347377008100999340e+01
5.696856160000000058e-01
1.683194766050000268e+01
2.327685219729999755e+00
3.792928022220002138e+00
1.594224637054000127e+01
1.209723064073999410e+01
4.817992578100001921e+00
1.675073042928999811e+01
1.183737520366000062e+01
1.613493608754999542e+01
1.370531605721999568e+01
4.402325690609997899e+00
9.487267052629997366e+00
1.718644253433999580e+01
3.020535728250000496e+00
1.019139386840000228e+01
1.987268829250000479e+00
4.745294159879999363e+00
7.892558739789994782e+00
1.614451475459999230e+01
1.728358442504000081e+01
5.778191354999998725e-02
9.741094000460003954e+00
5.938548198659999500e+00
1.443491896091000193e+01
1.719326602970000195e+01
1.850093574420000442e+00
3.340097644099999652e-01
2.819337315100000296e+00
5.327750581280001008e+00
1.703603822940000256e+01
2.357108830930000565e+00
2.467372793730000069e+00
9.195009852600000144e+00
5.789192853810001260e+00
1.458481268987999613e+01
1.786349830970001307e+01
1.027626813839999986e+00
4.566521166499998508e+00
6.481818083719998569e+00
4.520806638279998069e+00
1.026314512756000319e+01
1.372298837669999472e+01
9.098740650100001215e-01
1.419004836661000191e+01
1.425050766850000095e+00
5.267828017659997641e+00
2.223636129870000033e+00
2.122373759590000741e+00
1.678847795790001030e+01
9.721285009999998741e-03
7.278765815400000116e-01
3.227073900780001559e+00
8.978729251680004353e+00
1.028197612860999399e+01
5.070381162629998606e+00
9.154137136899997973e-01
4.370247763800000129e+00
1.685062323624999792e+01
1.831090485849999538e+01
8.367559671190003101e+00
1.484937445570000847e+01
1.737401790142999758e+01
8.280444148599999110e+00
4.027158899900000200e-01
1.620732800630000270e+01
8.711296827389997333e+00
5.272643459689999368e+00
1.766468455640000101e+01
1.349384867407000144e+01
3.106397780760000060e+00
8.520488801679997337e+00
3.255770523240000269e+00
1.091130452839999876e+01
9.172995797939996976e+00
2.072972574559999170e+00
5.602801964180000205e+00
4.822692852290001220e+00
2.239358794779999773e+00
7.424111310550002507e+00
1.705791410030998634e+01
5.085895118299998963e-01
1.875050523549999459e+00
1.544817224797000144e+01
1.039027726015000397e+01
1.228195421893999928e+01
2.150908072240000024e+00
1.776278184879999245e+01
1.787550210249998273e+01
8.450900558969996368e+00
1.529520968287000393e+01
3.444436958439999419e+00
5.883338252530000645e+00
6.398649349679999432e+00
9.546837468110000557e+00
1.600812201649000599e+01
1.663085213199001089e+01
1.177939397477999961e+01
7.255949777599997041e+00
1.747394655470000302e+01
7.810723362410000092e+00
6.038483545210001857e+00
1.768487980809999272e+01
7.355146377219998755e+00
1.575426744660000189e+01
2.021255517299999360e-01
8.209406042400001491e-01
4.323956276849999725e+00
1.130502424968000241e+01
3.113961270269999027e+00
1.206694422847999704e+01
1.683024825999998697e+01
1.471773219586000181e+01
4.244574241000002246e+00
7.095624263190001280e+00
1.773897735490000827e+01
1.680171327579999740e+01
3.594144374599999581e-01
1.679819279533998611e+01
1.557537250126999417e+01
1.055759718009999792e+00
1.846226762999999826e-01
1.191348466904999270e+01
1.901055696800000083e+00
4.965919340260004589e+00
1.845382670060001828e+01
5.304223241429997238e+00
1.660639053114000419e+01
7.160945951130002207e+00
1.658666599909999917e+01
1.291300264552000066e+01
4.299388836959998628e+00
3.583890408060000698e+00
1.510793872219999656e+01
9.710578116400000459e-01
1.398385245151999534e+01
9.897258593120005443e+00
4.618957965209999905e+00
7.140318674790003151e+00
4.333700686599997187e-01
5.110734312059999063e+00
1.416007493489999902e+01
1.431037365360000813e+01
1.313427540316999931e+01
1.172544583050000089e+00
1.198902855334999984e+01
8.065099454560000325e+00
3.381282372269999836e+00
1.776967567209998933e+01
7.034253242699999298e-01
1.453841174490000121e+01
3.475146273869999192e+00
5.384866495119999819e+00
1.485763608550000825e+01
7.244644130560001116e+00
6.862022864980001913e+00
4.007751239119999198e+00
6.843781248779999160e+00
1.415321322381999813e+01
7.387878860319999852e+00
7.717174611409998164e+00
1.787657028130000114e+01
1.435148022219999930e+00
1.819840635989998745e+01
3.487414785999999989e+00
1.232467653878000391e+01
1.265991109605000631e+01
5.575342239430001179e+00
1.393674541425000868e+01
3.865805819409999344e+00
9.657723765199998311e+00
8.245875044450002633e+00
9.265665280379996815e+00
1.775845120779999675e+00
1.192435468895000383e+01
1.335733958659999665e+01
1.338277604165999257e+01
2.537897538030000621e+00
1.327862886313000601e+01
1.644690075059999756e+01
7.975202360599995544e+00
2.135385581300000279e-01
5.187615035959998622e+00
1.370926171990000064e+01
1.551039587749000503e+01
7.500436801200001113e-01
1.295978195310000025e+01
6.716515498690001529e+00
8.350843776239999627e+00
1.557610564060000202e+00
1.768773100010000476e+01
6.218634153900001182e-01
1.648022595650000710e+01
1.398217957167999970e+01
1.415016620806999725e+01
1.215341874940000011e+00
4.007831399800000360e-01
9.105043831940005106e+00
8.068429728990002658e+00
6.981756339639997755e+00
1.242015091096999946e+01
7.251225233699999384e-01
1.447383925932999738e+01
2.436400912239999439e+00
1.734416951529999906e+01
8.579216038940003841e+00
4.702847851249996936e+00
3.612619468060000116e+00
6.669860966419999926e+00
1.721734677640000655e+01
1.317156320159000416e+01
1.065486812411999828e+01
3.821469963459999786e+00
1.876824656980000228e+00
3.724547710829999136e+00
9.096296582319997270e+00
2.555593768039999159e+00
6.334446599890001472e+00
9.030726114800003979e-01
1.846884701360000847e+01
1.744843558083000445e+01
1.809454742069999966e+01
2.372144460460000825e+00
1.084331993471000111e+01
1.689810694859999174e+01
1.265169183533999941e+01
3.128685964719999824e+00
1.170080163281000374e+01
4.342114329570000208e+00
8.707265138850003083e+00
8.899164675299997995e+00
1.066262618357999870e+01
1.766606675129999582e+00
3.924340870170000883e+00
1.028159439004000220e+01
9.351123678159993347e+00
5.965507024399999692e-01
8.209040179399998971e-01
